000000000000000000000 -> 1 3 5 
000000000000000000101 -> 1 3 4 
000000000000000100010 -> 1 2 3 
000000000000000100100 -> 1 4 5 
000000000000001100100 -> 1 4 5 
000000000000010100101 -> 1 2 6 
000000000001000001000 -> 1 3 4 
000000000001000010000 -> 1 2 
000000000001000100000 -> 1 2 6 
000000000001000100101 -> 1 2 
000000000001000110101 -> 1 2 4 
000000000001100101110 -> 1 5 6 
000000000011000010000 -> 1 2 
000000000011000110101 -> 1 2 
000000000101000001000 -> 1 2 
000000000101000010001 -> 1 4 
000000000101000100000 -> 1 2 
000000000101000100001 -> 1 2 
000000000101000100101 -> 1 2 
000000001001000010101 -> 1 2 
000000001001000110111 -> 1 2 
000000010000000110101 -> 1 5 
000000010000010001000 -> 1 2 
000000010000100010101 -> 1 2 
000000010001000101100 -> 0 2 6 
000000010001000110101 -> 1 4 
000000010001000111101 -> 1 6 
000000100000001000000 -> 0 1 4 
000000100000001100100 -> 2 4 5 
000000100000010000000 -> 2 3 
000000100000010100101 -> 2 3 
000000100000100000000 -> 1 2 6 
000000100000100000101 -> 2 3 
000000100001000000000 -> 2 3 5 
000000100001000000101 -> 2 3 6 
000000100001000001000 -> 2 3 4 
000000100001000100100 -> 0 1 
000000100001000100101 -> 0 1 
000000100001010001000 -> 1 3 
000000100001010010001 -> 2 3 4 
000000100001010100000 -> 1 5 
000000100001010100001 -> 1 3 
000000100001100010101 -> 1 3 
000000100001100100010 -> 1 3 
000000100001100100100 -> 1 3 
000000100001100101110 -> 1 3 
000000100101001001000 -> 3 5 6 
000000100101100100010 -> 2 4 6 
000000101001001010101 -> 4 5 6 
000000101001010001101 -> 4 5 6 
000000101001100010101 -> 3 4 6 
000000101001100100110 -> 3 4 5 
000000110001001011000 -> 1 5 6 
000000110001001110101 -> 3 5 6 
000000110001010110000 -> 3 4 5 
000000110001100110010 -> 3 4 6 
000001000101000100000 -> 3 4 5 
000001001000010000101 -> 3 4 5 
000001001001000001100 -> 0 2 
000001100000010000000 -> 2 3 
000001100001000000000 -> 2 3 5 
000001100001000100100 -> 2 4 
000001100001001100100 -> 1 3 
000001100001010100000 -> 1 5 
000001100001010100101 -> 0 1 
000001100001100100100 -> 1 3 
000001110001010110000 -> 3 4 5 
000010000001000100000 -> 1 2 
000010000001000100001 -> 1 2 
000010000011000100000 -> 4 5 6 
000010000101000100001 -> 1 4 
000010001001000001101 -> 1 2 
000010001001000100010 -> 1 2 
000010001001000100111 -> 1 6 
000010100000001000000 -> 2 3 
000010100000010000001 -> 2 3 4 
000010100000100000000 -> 1 2 
000010100000100000001 -> 1 2 
000010100000100000101 -> 1 2 
000010100001000010001 -> 2 3 4 
000010100001000100101 -> 0 1 
000010100001001100101 -> 1 3 
000010100001010100001 -> 1 3 
000010100001100100010 -> 1 3 
000010100001100100101 -> 0 1 
000010100001100100111 -> 0 1 
000010100101100100011 -> 2 4 6 
000010101001100001010 -> 2 3 6 
000010101001100010101 -> 0 1 
000010101001100100111 -> 3 4 6 
000010110001100110011 -> 0 1 
000011000101000100001 -> 3 4 6 
000011100001000100101 -> 1 6 
000011100001010100001 -> 1 6 
000011100001100100010 -> 3 5 6 
000011101001100010101 -> 3 5 6 
000100000001000110111 -> 1 2 
000100000101000100010 -> 0 1 
000100001000010000111 -> 1 3 
000100001001000010010 -> 1 2 
000100001001000100110 -> 1 5 
000100010000010100010 -> 0 1 
000100010001000110010 -> 1 5 
000100100000010000101 -> 2 3 
000100100000011000101 -> 1 4 
000100100000110000111 -> 0 3 
000100100001000000000 -> 2 3 6 
000100100001000000100 -> 2 3 
000100100001000000101 -> 3 4 
000100100001000001100 -> 1 2 
000100100001000010101 -> 1 2 
000100100001010100010 -> 1 3 
000100100001010100111 -> 0 1 
000100100001100100110 -> 2 3 5 
000100110001010110101 -> 0 1 
000101100001000100110 -> 1 3 
000101110001010110101 -> 4 5 6 
000110100000001000000 -> 1 5 
000110101001010010011 -> 3 5 6 
000110110001010110011 -> 1 3 5 
001000000000000110101 -> 1 5 
001000001000000110111 -> 0 2 
001000001000010001101 -> 0 1 
001000001000010100010 -> 0 1 
001000001000010100111 -> 0 2 
001000001001000011101 -> 1 5 
001000001001000110010 -> 1 2 
001000001001000110111 -> 1 2 
001000010000100110010 -> 1 2 
001000100000001100000 -> 2 4 
001000100000001100100 -> 0 1 
001000100000001110101 -> 1 2 
001000100000010001000 -> 0 1 
001000100000010010001 -> 2 4 5 
001000100000010100000 -> 1 2 
001000100000010100101 -> 0 1 
001000100000011100101 -> 1 6 
001000100000100010000 -> 0 1 
001000100000100010001 -> 0 1 
001000100000100010101 -> 0 1 
001000100000100100100 -> 0 1 
001000100000100100101 -> 0 1 
001000100000110100111 -> 1 5 
001000100001000001000 -> 0 4 
001000100001000100101 -> 0 1 
001000100001000101000 -> 2 4 
001000100001000101100 -> 2 4 
001000100001000110000 -> 2 4 
001000100001000110101 -> 2 5 
001000100001000111101 -> 2 5 6 
001000100001001110101 -> 1 6 
001000100001100110010 -> 0 1 
001000100001100110111 -> 0 1 
001010100000100100010 -> 1 3 
001010100000101001000 -> 4 5 6 
001010100000110001001 -> 1 4 
001010100000110100011 -> 1 3 
001010100001001101000 -> 1 5 
001010100001010101001 -> 2 4 5 
001010100001100011001 -> 1 4 
001010100001100101010 -> 4 5 6 
001010100001100101101 -> 1 4 
001010100001100110011 -> 1 5 
001100000101000110101 -> 0 2 
001100100000001010000 -> 1 4 
001100100000011100010 -> 0 6 
001100100001010011001 -> 1 4 
001100100001010101010 -> 4 5 6 
001100100001010101101 -> 1 4 
001100100001010110011 -> 1 5 
001100100001010110101 -> 0 2 
001100100001100101110 -> 0 5 
010000000000001100100 -> 1 3 
010000000000010100101 -> 1 3 
010000000001000000101 -> 1 6 
010000000001000110101 -> 1 5 
010000000001010100000 -> 1 3 
010000000001010100001 -> 1 3 
010000000001100100010 -> 1 3 
010000000001100100100 -> 1 3 
010000000011010100000 -> 0 3 
010000000011100100100 -> 0 4 
010000000100001000000 -> 0 3 
010000000101010100001 -> 1 3 
010000000101100100010 -> 1 3 
010000000101100100100 -> 0 1 
010000000101100100101 -> 0 1 
010000001000010000101 -> 0 1 
010000001001001001100 -> 0 1 
010000001001010001101 -> 1 3 
010000001001010010001 -> 0 1 
010000001001010100010 -> 0 3 
010000001001010100101 -> 0 1 
010000001001010100111 -> 0 1 
010000001001100100110 -> 1 5 
010000010000001100100 -> 0 1 
010000010000010010001 -> 0 4 
010000010000010100101 -> 0 1 
010000010001010110001 -> 0 1 
010000010001100110010 -> 0 3 
010000010001100110100 -> 0 1 
010000010001100110101 -> 0 1 
010000100000101000100 -> 1 3 6 
010000100000110000101 -> 1 4 
010000100000111000101 -> 1 4 
010000100001001100100 -> 1 3 
010000100001010010001 -> 0 4 
010000100001010100101 -> 1 5 
010000100001011100101 -> 1 6 
010000100001110100100 -> 1 5 
010000100001110100101 -> 1 4 
010000100001110100111 -> 1 3 
010000110001110110101 -> 0 4 
010001000101001100000 -> 3 5 6 
010001000101010100001 -> 3 5 6 
010001000101100100010 -> 3 4 5 
010001000101100100101 -> 2 3 4 
010001110001110110101 -> 3 5 6 
010010000101001100001 -> 1 3 
010010000101100100011 -> 2 4 6 
010010000101100100101 -> 1 3 
010010010000100010001 -> 3 4 6 
010010010000110001001 -> 1 5 
010010010001010101001 -> 0 4 
010010010001100011001 -> 1 6 
010010010001100101010 -> 1 2 
010010010001100101101 -> 4 5 6 
010010100001011100001 -> 1 6 
010010100001101100010 -> 4 5 6 
010010100001101100101 -> 1 3 
010010100001110100011 -> 1 3 
011000000011010110000 -> 0 4 
011000000100110001001 -> 4 5 6 
011000000101001101000 -> 0 4 
011000000101010101001 -> 0 4 
011000000101100011001 -> 4 5 6 
011000000101100101010 -> 0 6 
011000000101100101101 -> 1 6 
011000000101100110011 -> 0 5 
011000000101100110101 -> 1 2 5 
011000100000111001000 -> 0 4 
011000100000111100101 -> 3 5 6 
011000100001011101000 -> 1 6 
011000100001101011000 -> 1 4 
011000100001101101100 -> 1 4 
011000100001101110101 -> 3 5 6 
011000100001110101101 -> 1 4 
011000100001110110101 -> 1 4 
100000000010000000000 -> 1 2 4 
100000000010000100100 -> 0 4 5 
100000000010100000100 -> 0 3 
100000000011000110101 -> 0 2 
100000000100000000000 -> 0 3 
100000000100000100101 -> 0 3 
100000000100100000101 -> 0 2 
100000000101000001000 -> 0 2 
100000000101000010001 -> 0 4 
100000000111000100000 -> 3 4 6 
100000001000000000000 -> 0 2 6 
100000001000000000101 -> 0 3 
100000001001000010101 -> 0 2 
100000001010000000000 -> 2 4 
100000001100000000000 -> 2 5 
100000001100100000111 -> 3 4 5 
100000001101000001101 -> 0 6 
100000001101000100010 -> 3 5 6 
100000010000000000000 -> 0 5 
100000010000000001000 -> 0 5 
100000010000000100100 -> 0 2 
100000010000000100101 -> 0 2 
100000010000010010001 -> 0 4 
100000010000100001100 -> 0 2 
100000010000100010101 -> 0 2 
100000010001000101100 -> 1 2 6 
100000010001000110101 -> 0 4 
100000010001000111101 -> 0 4 
100000010100000001000 -> 2 5 
100000011000000010000 -> 0 4 
100000011000000010001 -> 0 4 
100000011000000010101 -> 2 4 
100000011000000101110 -> 2 3 
100000011000010100010 -> 0 3 
100000011001000110010 -> 0 2 
100000100000000000000 -> 0 4 5 
100000100000000000101 -> 0 5 6 
100000100000000010001 -> 0 4 
100000100000000100100 -> 0 3 
100000100000001000000 -> 0 4 
100000100000100000100 -> 1 3 
100000100000100000101 -> 0 3 
100000100001000001000 -> 0 5 
100000100001000100000 -> 0 6 
100000100001000100100 -> 0 
100000100001000100101 -> 0 
100000100001010001000 -> 0 3 
100000100001100010101 -> 0 3 
100000100001100101110 -> 0 3 
100000100011000100000 -> 0 2 
100000100011000110101 -> 0 2 
100000100011010100000 -> 3 4 6 
100000100011100100100 -> 0 5 
100000100100001000000 -> 0 3 
100000100100010000001 -> 0 4 
100000100101000001000 -> 0 2 
100000100101000100000 -> 0 2 
100000100101010100001 -> 0 4 
100000100101100100010 -> 2 4 6 
100000100101100100101 -> 3 4 5 
100000100111010100001 -> 0 2 
100000100111100100010 -> 2 4 6 
100000101000010000000 -> 0 2 
100000101000010000001 -> 0 2 
100000101000010000101 -> 0 2 
100000101000011000101 -> 0 6 
100000101000110000111 -> 0 3 
100000101001000000000 -> 3 4 6 
100000101001000000100 -> 0 2 
100000101001000001000 -> 0 2 
100000101001000010000 -> 0 2 
100000101001000010101 -> 0 2 
100000101001000100100 -> 0 2 
100000101001000100101 -> 0 2 
100000101001000110111 -> 0 2 
100000101001001001100 -> 0 5 
100000101001001010101 -> 0 6 
100000101001010001101 -> 3 4 6 
100000101001010100010 -> 0 3 
100000101001010100111 -> 0 6 
100000101001100010111 -> 0 5 
100000101001100100110 -> 0 5 
100000110000001100100 -> 0 2 
100000110000010010001 -> 2 4 
100000110000010100101 -> 0 2 
100000110000011100101 -> 0 4 
100000110000100001100 -> 0 2 
100000110000100010101 -> 0 2 
100000110000110100111 -> 0 3 
100000110001000001000 -> 1 2 5 
100000110001000010000 -> 0 2 
100000110001000100000 -> 0 2 6 
100000110001000100101 -> 0 2 
100000110001000101000 -> 0 4 
100000110001000101100 -> 0 4 
100000110001000110000 -> 0 4 
100000110001000110101 -> 0 5 
100000110001000111101 -> 0 4 
100000110001010110000 -> 0 2 
100000110001010110001 -> 0 2 
100000110001100110010 -> 0 2 
100000110001100110101 -> 0 2 
100000110100110001001 -> 0 2 
100000110101001101000 -> 0 2 
100000110101010101001 -> 2 4 5 
100000110101100011001 -> 0 2 
100000110101100101010 -> 0 2 
100000110101100101101 -> 0 2 
100000110101100110011 -> 0 2 
100000111001010101010 -> 0 2 
100000111001010110101 -> 0 2 
100000111001100101110 -> 0 3 
100001100101000100010 -> 1 4 
100001100101000100101 -> 1 6 
100001101001000100110 -> 2 6 
100001110001000110101 -> 0 4 
100001111001010110101 -> 4 5 6 
100010001101000100101 -> 0 2 
100010100010001000000 -> 0 3 
100010100011100100100 -> 0 2 3 
100010100100100000001 -> 2 3 
100010100101000100011 -> 2 5 
100010101000100000010 -> 2 3 
100010101000100000101 -> 2 3 
100010110000001100000 -> 1 4 
100010110000100010001 -> 1 4 
100010110000100100010 -> 2 5 
100010110001000100000 -> 1 2 
100010110001000100001 -> 1 2 
100100001101000010101 -> 0 2 
100100010101000110101 -> 0 2 
100100011100100010111 -> 0 6 
100100011101000110111 -> 0 2 
100100100010010000101 -> 4 5 6 
100100100100001000000 -> 0 3 
100100100100001000101 -> 0 3 
100100100100010000000 -> 2 3 
100100100101000100111 -> 0 6 
100100101000100000110 -> 2 4 5 
100100101101010010011 -> 3 5 6 
100100101101100010111 -> 3 5 6 
100100110000001010000 -> 1 5 
100100110000001100100 -> 0 3 
100100110001000001100 -> 1 2 
100100110001000010101 -> 1 2 
100100110001000110111 -> 1 5 
100100110101010110011 -> 2 5 6 
100100110101100110111 -> 3 5 6 
100100111001010110111 -> 3 5 6 
101000001101000110101 -> 2 3 6 
101000100011100110100 -> 0 2 
101000100100100100010 -> 1 3 
101000100100100100100 -> 0 4 
101000100101100110101 -> 0 2 
101000101000010100100 -> 3 4 5 
101000101000100010010 -> 1 3 
101000101000100010101 -> 2 5 
101000101000100100110 -> 1 5 
101000110000001110000 -> 0 4 
101000110000010010001 -> 0 1 4 
101000110000100100100 -> 0 1 
101000110000100100101 -> 0 1 
101000110000100110010 -> 2 5 6 
101000110001000101100 -> 0 4 
101000110001000110000 -> 0 4 
101000110001000110001 -> 0 4 
101000110001000110101 -> 0 5 
101000110001000111101 -> 2 5 6 
110000010100100010001 -> 0 3 
110000010101100110101 -> 1 2 
110000100010011000000 -> 1 3 
110000100010110000101 -> 0 5 
110000100011010100010 -> 0 3 
110000100011010100101 -> 0 6 
110000100011100100110 -> 0 3 
110000100011110100100 -> 4 5 6 
110000100100110000000 -> 0 1 
110000100100110000001 -> 1 3 
110000100101001100000 -> 0 3 
110000100101010100011 -> 0 3 
110000100101100010001 -> 0 3 
110000100101100100010 -> 0 3 
110000100101100100100 -> 0 3 
110000101000011000000 -> 0 5 
110000101000110000010 -> 1 3 
110000101000110000101 -> 0 1 
110000101001001010000 -> 0 3 
110000101001001100100 -> 0 3 
110000101001010100111 -> 0 3 
110000101001100000000 -> 3 4 6 
110000101001100010010 -> 0 1 
110000101001100010101 -> 0 1 
110000101001100100110 -> 0 1 5 
110000101101110100111 -> 0 3 
110000110000110010001 -> 0 3 
110000110000110100010 -> 0 3 
110000110001001100000 -> 0 1 
110000110001001110000 -> 1 4 
110000110001001110101 -> 0 6 
110000110001010001000 -> 0 1 
110000110001010100000 -> 0 1 
110000110001010110011 -> 0 1 
110000110001100010101 -> 0 1 
110000110001100110010 -> 0 1 
110000110101110110011 -> 3 4 6 
111000101101011101101 -> 4 5 6 
111000101101101011101 -> 4 5 6 
111000110011011111000 -> 4 5 6 
1 2
2 348
3 106
4 0
5 0
6 0
7 0
