000000000000000 -> 1 3 5 
000000000000101 -> 1 4 5 
000000000100010 -> 1 2 
000000000100100 -> 1 2 
000000001100100 -> 1 2 
000000010100101 -> 1 5 
000001000001000 -> 2 3 
000001000010000 -> 1 2 
000001000100000 -> 2 3 5 
000001000100101 -> 0 1 
000001000110101 -> 1 3 
000001100101110 -> 3 4 5 
000011000010000 -> 1 2 
000011000110101 -> 0 1 
000101000001000 -> 1 2 
000101000010001 -> 2 3 
000101000100000 -> 2 3 
000101000100001 -> 2 3 
000101000100101 -> 0 1 
001001000010101 -> 0 1 
001001000110111 -> 0 1 
010000000110101 -> 1 3 
010000010001000 -> 0 1 
010000100010101 -> 0 1 
010001000101100 -> 1 5 
010001000110101 -> 0 3 
010001000111101 -> 1 5 
100000001000000 -> 0 3 
100000001100100 -> 0 2 
100000010000000 -> 0 2 
100000010100101 -> 0 2 
100000100000000 -> 0 5 
100000100000101 -> 0 2 
100001000000000 -> 0 4 
100001000000101 -> 0 3 
100001000001000 -> 1 3 
100001000100100 -> 0 
100001000100101 -> 0 
100001010001000 -> 0 2 
100001010010001 -> 0 3 
100001010100000 -> 3 4 
100001010100001 -> 0 2 
100001100010101 -> 0 2 
100001100100010 -> 0 2 
100001100100100 -> 0 2 
100001100101110 -> 0 2 
100101001001000 -> 2 3 
100101100100010 -> 1 2 
101001001010101 -> 0 4 
101001010001101 -> 3 4 5 
101001100010101 -> 0 1 
101001100100110 -> 0 4 
110001001011000 -> 0 1 
110001001110101 -> 0 3 
110001010110000 -> 3 4 
110001100110010 -> 0 1 
1 2
2 49
3 5
4 0
5 0
6 0
